  File: /mnt/ntfs/TestDir/corruption_test.txt
  Size: 14        	Blocks: 1          IO Block: 4096   regular file
Device: 811h/2065d	Inode: 65          Links: 1
Access: (0777/-rwxrwxrwx)  Uid: (    0/    root)   Gid: (    0/    root)
Access: 2025-05-13 16:51:42.315996900 -0400
Modify: 2025-05-13 16:51:42.322686600 -0400
Change: 2025-05-13 16:51:42.322686600 -0400
 Birth: -
  File: /mnt/ext4/TestDir/corruption_test.txt
  Size: 14        	Blocks: 8          IO Block: 4096   regular file
Device: 821h/2081d	Inode: 1438981     Links: 1
Access: (0644/-rw-r--r--)  Uid: (    0/    root)   Gid: (    0/    root)
Access: 2025-05-13 16:51:52.422763192 -0400
Modify: 2025-05-13 16:51:52.422763192 -0400
Change: 2025-05-13 16:51:52.422763192 -0400
 Birth: 2025-05-13 16:51:52.422763192 -0400
  File: /mnt/fat32/TestDir/corruption_test.txt
  Size: 14        	Blocks: 16         IO Block: 8192   regular file
Device: 841h/2113d	Inode: 303         Links: 1
Access: (0755/-rwxr-xr-x)  Uid: (    0/    root)   Gid: (    0/    root)
Access: 2025-05-12 20:00:00.000000000 -0400
Modify: 2025-05-13 16:52:00.000000000 -0400
Change: 2025-05-13 16:52:00.000000000 -0400
 Birth: 2025-05-13 16:52:00.410000000 -0400
